25.0  197 197 197 197 197  197.0  303.4 48.7  0.0834  0.0139
28.0  196 195 196 196 196  195.8  301.5 48.7  0.0829  0.0139
31.0  194 195 195 194 195  194.6  299.7 48.7  0.0824  0.0139
34.0  194 194 195 194 194  194.2  299.1 48.7  0.0822  0.0139
37.1  194 193 194 193 194  193.6  298.1 48.7  0.0819  0.0139
40.0  193 193 193 193 193  193.0  297.3 48.7  0.0817  0.0139
43.1  192 192 193 192 192  192.2  296.0 48.7  0.0814  0.0139
46.0  191 191 191 191 191  191.0  294.2 48.7  0.0809  0.0139
49.0  189 190 190 190 189  189.6  292.0 48.7  0.0803  0.0139
52.0  188 188 189 188 189  188.4  290.2 48.7  0.0798  0.0139
54.9  187 188 187 188 187  187.4  288.6 48.7  0.0794  0.0139
58.0  186 186 186 186 186  186.0  286.5 48.7  0.0788  0.0139
61.0  185 185 186 185 185  185.2  285.2 48.7  0.0784  0.0139
